5 0.150391 0.151206 0.279297 0.287570
5 0.496094 0.143785 0.312500 0.269017
5 0.843262 0.155844 0.295898 0.289425
5 0.831055 0.503711 0.326172 0.269017
5 0.150391 0.491651 0.279297 0.293135
5 0.485840 0.464750 0.286133 0.320965
5 0.510254 0.807978 0.336914 0.287570
5 0.843262 0.810761 0.291992 0.278293
5 0.157227 0.822820 0.291016 0.265306
0 0.775879 0.739332 0.094727 0.120594
0 0.710938 0.408163 0.050781 0.044527
0 0.766602 0.397959 0.060547 0.046382
0 0.843262 0.393321 0.090820 0.048237
0 0.742676 0.482375 0.057617 0.051948
0 0.819336 0.489796 0.078125 0.055659